 0   4      7.45974403847865559162612073180228791593541351338506686749511952e+01
 0   6      4.12797088392843278407543616908646176857361041739178121243617209e+02
 0   8      1.31414697523862330841201000871788697585896627178414260585175833e+05
 0  10      3.66227200791158155214799581169302994636357336674560993405712657e+06
 0  12      1.38491534387117716692929559543086912961409155388154222175761355e+09
 0  14      1.00572084777542086429505577407789480025846638542394891624386906e+11
 0  16      5.84238841345059792342938945208955564002732655012862139352770615e+13
 0  18      8.05434205174866273362739918840221190773304258990783799118613780e+15
 0  20      6.57911389954210521642144871666600359184543647112574024060994988e+18
 0  22      1.49132405338299569034445066801041349274969506670630907365238943e+21
 0  24      1.64113266698389851589309970456104878125014752213169356917403047e+24
 0  26      5.56571290559309787993057980630436299593442130708567415446985733e+26
 0  28      7.92024668761652948761233188129706381731483654799730036769164874e+29
 0  30      3.77220926514847205865303006608483779579028773068000072424693249e+32
 0  32      6.73567324682583761778229744582922568289472290215859411526558520e+35
 2   2     -3.72987201923932779581306036590114395796770675669253343374755976e+01
 2   4     -2.06398544196421639203771808454323088428680520869589060621808604e+02
 2   6     -6.57073487619311654206005004358943487929483135892071302925879163e+04
 2   8     -1.83113600395579077607399790584651497318178668337280496702856330e+06
 2  10     -6.92457671935588583464647797715434564807045776940771110878806760e+08
 2  12     -5.02860423887710432147527887038947400129233192711974458121934538e+10
 2  14     -2.92119420672529896171469472604477782001366327506431069676385290e+13
 2  16     -4.02717102587433136681369959420110595386652129495391899559309765e+15
 2  18     -3.28955694977105260821072435833300179592271823556287012030491955e+18
 2  20     -7.45662026691497845172225334005206746374847533353154536826011500e+20
 2  22     -8.20566333491949257946549852280524390625073761065846784583821328e+23
 2  24     -2.78285645279654893996528990315218149796721065354283707713436502e+26
 2  26     -3.96012334380826474380616594064853190865741827399865018330904117e+29
 2  28     -1.88610463257423602932651503304241889789514386534000035958396460e+32
 2  30     -3.36783662341291880889114872291461284144736145107929703234373267e+35
 4   4      6.57073487619311654206005004358943487929483135892071302925879163e+04
 4   6      3.66227200791158155214799581169302994636357336674560993405712659e+05
 4   8      6.21717143765182635856780744290585748126796438371290254711018668e+08
 4  10      2.15511610237590185206083380159548885769671368305131910623686231e+10
 4  12      2.53257689262231163095971436474396217495162973611282662076207574e+13
 4  14      2.09253970509219893816910419420431287616672960639812739189416633e+15
 4  16      2.78691532485630948808667533452186321610831042732090779052348894e+18
 4  18      4.23073975887461301100823183537821188474389489284035465120441032e+20
 4  20      6.85320212337822248582010407492417225148117010599069178991932510e+23
 4  22      1.66162633487889547873100146051295126088931805493647683206564290e+26
 4  24      3.27347305071809673928509807789803265826207239252772098299468758e+29
 4  26      1.16425677398596494919937943444779034632170171671275290153414653e+32
 4  28      2.76243844820169273602622304183146759789746820980408261060846790e+35
 6   6     -5.86346879679979662052847217578161339786671769086549826627124621e+08
 6   8     -7.18372034125300617353611267198496285898904561017106368745620766e+09
 6  10     -2.33826823557081796558222418409355435242061296663708458276118718e+13
 6  12     -1.12522404470113272384680649420591633731683376212023159004470121e+15
 6  14     -2.53559451239893792802465082261629392620110652319992662563277365e+18
 6  16     -2.61779950485443029065122108304128409524160467249475929267660993e+20
 6  18     -6.17697151760758743899740685098363642409638635365680376195952089e+23
 6  20     -1.10101127592006874811385723919333614235037175563329670952954796e+26
 6  22     -2.93014790417301273702456414652278303306439945179225638283019424e+29
 6  24     -8.03332844691829409135811635150476070534980642399129172487809714e+31
 6  26     -2.45973936059607969959376020128989497612252158916647539959969075e+35
 8   8      2.29940650416051923250672614796347278791440961274193617516100946e+13
 8  10      3.44050924816047422459731683231336067585800777440399852612091171e+14
 8  12      2.42788559277435011656949746037104994481230485000522041210818136e+18
 8  14      1.43351110846940711885218178458345793559207835468529396555574364e+20
 8  16      5.83225083970289291271634777147636854277175544323596637341954443e+23
 8  18      7.09011322221403518568685961873083748503777401602699413159310223e+25
 8  20      2.74195569445018400762329250792359560134770834829356205225579757e+29
 8  22      5.58164863834600560672874914963749804108202515497083272081996805e+31
 8  24      2.28737510036507093519204264871700776434713909781139185518337467e+35
10  10     -2.39198261956615417941777967295596861768270429227365167426665061e+18
10  12     -4.63548640901963721332128213065182590868933988143893654138349773e+19
10  14     -5.65328512573116864670610776418573463447720095377165430458947221e+23
10  16     -4.01318921152819039559501156552512717003359020208393529871914193e+25
10  18     -2.63132995313848291465165201571243926637150816341325285647612091e+29
10  20     -3.70874857195825058010253734332317542361395862300826285995580819e+31
10  22     -2.18017825382136430680569774012846325757153867109757014406053473e+35
12  12      5.60026481459085399845469334280641066992668851842359560647799911e+23
12  14      1.29758328354269167922881982088947983651301769943926823620026146e+25
12  16      2.57303115608151006474526770814418632908276037846476708603447346e+29
12  18      2.12764947191262962390319732524505680986314163104286613728473720e+31
12  20      2.11447822769131069740892924006981153341626694967636235188635705e+35
14  14     -2.55443954120106576122195210434627293995494573410482388620248196e+29
14  16     -6.94861950287943044342587291744774178288341580544284550305628967e+30
14  18     -2.07843972533808554848883903081382763069159725387344452148828746e+35
16  16      2.06699047677447833496847077619170085174478957811410638550667096e+35
